4 0.756640625 0.7458333333333333 0.11640625 0.20555555555555555
0 0.7640625 0.6708333333333333 0.06875 0.12777777777777777
4 0.32734375 0.23055555555555557 0.32578125 0.23472222222222222 0.32578125 0.24166666666666667 0.328125 0.25416666666666665 0.33515625 0.2611111111111111 0.34609375 0.2611111111111111 0.35546875 0.25833333333333336 0.36484375 0.24861111111111112 0.365625 0.23055555555555557 0.36171875 0.22361111111111112 0.353125 0.18055555555555555 0.32421875 0.18194444444444444 0.3234375 0.18611111111111112 0.3265625 0.19722222222222222 0.328125 0.20972222222222223 0.32734375 0.23055555555555557
0 0.33203125 0.18333333333333332 0.346875 0.18055555555555555 0.34765625 0.17916666666666667 0.35234375 0.17916666666666667 0.35390625 0.17777777777777778 0.3546875 0.175 0.35390625 0.16111111111111112 0.353125 0.1597222222222222 0.328125 0.16111111111111112 0.32734375 0.1625 0.321875 0.1638888888888889 0.3203125 0.16805555555555557 0.31953125 0.1736111111111111 0.32109375 0.17916666666666667 0.32421875 0.18333333333333332 0.33203125 0.18333333333333332
1 0.378515625 0.12916666666666668 0.010546875 0.049305555555555554
1 0.4046875 0.13125 0.01015625 0.04791666666666667
1 0.4125 0.1361111111111111 0.005078125 0.041666666666666664
1 0.417578125 0.13541666666666666 0.006640625 0.04583333333333333
1 0.283984375 0.17708333333333334 0.007421875 0.03680555555555556
1 0.278515625 0.17777777777777778 0.00859375 0.035416666666666666
1 0.27265625 0.18125 0.009375 0.03611111111111111
1 0.267578125 0.1840277777777778 0.008203125 0.03888888888888889
1 0.2625 0.18680555555555556 0.01015625 0.035416666666666666
1 0.4265625 0.14027777777777778 0.00703125 0.043055555555555555
1 0.421484375 0.1375 0.005078125 0.03888888888888889
2 0.318359375 0.12777777777777777 0.056640625 0.03263888888888889
3 0.4875 0.05138888888888889 0.484375 0.03333333333333333 0.48046875 0.03611111111111111 0.478125 0.04861111111111111 0.4796875 0.1111111111111111 0.484375 0.11388888888888889 0.4875 0.0875 0.4875 0.05138888888888889
1 0.62890625 0.25416666666666665 0.63203125 0.23194444444444445 0.63515625 0.21944444444444444 0.63515625 0.20694444444444443 0.634375 0.20277777777777778 0.63046875 0.1986111111111111 0.62890625 0.1986111111111111 0.6234375 0.20972222222222223 0.621875 0.22083333333333333 0.62109375 0.25972222222222224 0.621875 0.2611111111111111 0.62578125 0.2611111111111111 0.62890625 0.25416666666666665
1 0.57734375 0.20694444444444443 0.57734375 0.19722222222222222 0.5765625 0.19305555555555556 0.57578125 0.19305555555555556 0.57421875 0.18888888888888888 0.5734375 0.19027777777777777 0.56953125 0.19027777777777777 0.56640625 0.19444444444444445 0.56484375 0.21388888888888888 0.5640625 0.2513888888888889 0.57421875 0.25277777777777777 0.57578125 0.2152777777777778 0.57734375 0.20694444444444443
1 0.531640625 0.13055555555555556 0.004296875 0.03611111111111111
1 0.537890625 0.13194444444444445 0.0046875 0.03819444444444445
1 0.54453125 0.12986111111111112 0.0046875 0.034027777777777775
1 0.551953125 0.13125 0.004296875 0.034722222222222224