2 0.33177570078124996 0.8096885819444444 0.3239875390625 0.7941176472222223 0.24454828671875 0.7698961944444443 0.21651090312500001 0.7733564013888888 0.16978193125000002 0.7577854666666667 0.1588785046875 0.7785467125 0.16043613671875 0.7871972319444445 0.28971962578125 0.8217993083333334 0.31931464140625 0.8235294111111112 0.33177570078124996 0.8096885819444444
1 0.42056074765625 0.8875432527777778 0.43146417421875 0.8754325263888889 0.4236760125 0.828719723611111 0.411214953125 0.8131487888888889 0.40186915859375 0.8131487888888889 0.3894081 0.8166089972222222 0.39563862890625 0.8494809694444445 0.40186915859375 0.8737024222222222 0.42056074765625 0.8875432527777778
3 0.5482866046875 0.5519031138888889 0.53271028046875 0.5 0.5249221187499999 0.5017301041666666 0.5233644859375 0.5190311416666666 0.51713395625 0.5242214527777778 0.51557632421875 0.5622837375 0.52647975078125 0.6228373708333333 0.5389408101562501 0.6280276819444445 0.5482866046875 0.5519031138888889
1 0.10436137109375002 0.8321799305555555 0.09657320859375 0.7993079583333332 0.080996884375 0.7785467125 0.07320872265625 0.7785467125 0.07476635546875 0.8027681666666666 0.10124610625 0.84083045 0.1121495328125 0.84083045 0.10436137109375002 0.8321799305555555
1 0.123052959375 0.828719723611111 0.10124610625 0.7820069208333333 0.09501557656250001 0.7820069208333333 0.10124610625 0.8096885819444444 0.1121495328125 0.828719723611111 0.123052959375 0.828719723611111
1 0.14330218046875 0.8304498263888889 0.13239875390625 0.8148788930555556 0.13084112187500002 0.7941176472222223 0.11526479765625 0.7802768166666667 0.10903426796875 0.7802768166666667 0.11370716484375001 0.8044982694444444 0.13551401875 0.8321799305555555 0.14330218046875 0.8304498263888889
1 0.06853582578125 0.7889273361111111 0.060747663281249996 0.7854671277777778 0.060747663281249996 0.8044982694444444 0.080996884375 0.84083045 0.0872274140625 0.8391003458333333 0.06853582578125 0.7889273361111111
1 0.07943925234375 0.6678200694444444 0.07943925234375 0.6885813152777778 0.09501557656250001 0.7093425611111112 0.10124610625 0.7093425611111112 0.07943925234375 0.6678200694444444
1 0.06542056093750001 0.6678200694444444 0.06697819296875 0.6920415222222223 0.07468215859375 0.6863368569444445 0.06542056093750001 0.6678200694444444
1 0.07468215859375 0.6863368569444445 0.0821094796875 0.7011863569444444 0.0825545171875 0.7006920416666667 0.0763239875 0.6851211069444444 0.07468215859375 0.6863368569444445
1 0.0778816203125 0.7058823527777778 0.088785046875 0.7145328722222222 0.0821094796875 0.7011863569444444 0.0778816203125 0.7058823527777778
1 0.057632398437499996 0.6747404847222223 0.05140186953125 0.6747404847222223 0.05140186953125 0.6833910027777778 0.07320872265625 0.7179930791666667 0.057632398437499996 0.6747404847222223
1 0.0342679125 0.6782006916666667 0.032710280468750005 0.6937716263888889 0.05607476640625 0.7214532875 0.0404984421875 0.6747404847222223 0.0342679125 0.6782006916666667
1 0.20249221171874998 0.6280276819444445 0.19003115234375 0.6124567472222222 0.1838006234375 0.614186851388889 0.18068535859374998 0.6332179930555555 0.19781931484374998 0.6678200694444444 0.21339563828125 0.6643598611111111 0.20249221171874998 0.6280276819444445
1 0.23831775703125002 0.5813148791666667 0.2305295953125 0.5778546708333333 0.22585669765625 0.5882352944444444 0.236760125 0.6193771625 0.24454828671875 0.6193771625 0.23831775703125002 0.5813148791666667
1 0.24299065390625 0.5743944638888888 0.241433021875 0.5882352944444444 0.258566978125 0.6124567472222222 0.25389408125 0.5813148791666667 0.24299065390625 0.5743944638888888
1 0.25700934609375004 0.5726643597222222 0.258566978125 0.5934256055555556 0.2694704046875 0.6124567472222222 0.26791277265625 0.579584775 0.25700934609375004 0.5726643597222222
1 0.2710280375 0.5674740486111112 0.26635513984375 0.5743944638888888 0.28504672890625 0.6089965402777777 0.2819314640625 0.5761245680555556 0.2710280375 0.5674740486111112
1 0.2990654203125 0.5743944638888888 0.29595015546875 0.5640138402777778 0.28660436171875003 0.5657439444444444 0.28660436171875003 0.5813148791666667 0.300623053125 0.6159169555555556 0.30373831796875 0.5916955013888889 0.2990654203125 0.5743944638888888
1 0.34267912734375 0.5380622833333334 0.35271720234375004 0.5547866208333333 0.35514018671875 0.5467128027777778 0.34890965703125 0.5242214527777778 0.34423676015625004 0.5276816611111111 0.34267912734375 0.5380622833333334
1 0.36915887812500003 0.52249135 0.36448598125 0.5259515569444444 0.36292834921875 0.5397923874999999 0.37227414296875 0.5622837375 0.37227414296875 0.5328719722222223 0.36915887812500003 0.52249135
1 0.37850467265625 0.5242214527777778 0.376947040625 0.5346020763888889 0.3894081 0.5588235291666667 0.38473520234374997 0.52249135 0.37850467265625 0.5242214527777778
1 0.46261682265625004 0.5069204152777778 0.45638629296875 0.5 0.44859813046874997 0.5017301041666666 0.44392523359374997 0.5259515569444444 0.4517133953125 0.5570934249999999 0.46261682265625004 0.5622837375 0.46261682265625004 0.5069204152777778
0 0.69158878515625 0.4186851208333333 0.6713395640625001 0.4463667819444444 0.6713395640625001 0.4567474041666667 0.71028037421875 0.4705882347222222 0.7289719625 0.4307958472222222 0.69158878515625 0.4186851208333333
4 0.6838006234375 0.5467128027777778 0.71962616796875 0.5415224916666667 0.7305295953125001 0.5259515569444444 0.724299065625 0.4878892736111111 0.7313785046875 0.4451089972222222 0.7221744546875 0.4655553638888889 0.70164330234375 0.467915225 0.67049065390625 0.4561176472222222 0.6682242992187499 0.47750865 0.6542056078125 0.5069204152777778 0.65732087265625 0.5294117652777778 0.6838006234375 0.5467128027777778