3 0.6369735203125 0.28358304444444443 0.6365295953125 0.2983823527777778 0.63519781953125 0.3245242208333333 0.63519781953125 0.3378425611111111 0.6462975078125 0.34474913472222224 0.6516246109375 0.31564532916666665 0.66228037421875 0.3097266430555556 0.664943925 0.29788754305555554 0.65961682265625 0.295915225 0.6613925234375 0.2855570930555556 0.664056075 0.24905536388888888 0.657841121875 0.2382024222222222 0.659172896875 0.23425778611111112 0.66316822421875 0.2204446361111111 0.6542881617187499 0.2204446361111111 0.649848909375 0.22883045 0.648739875 0.2392871972222222 0.6400825546875 0.25004152222222226 0.63297819296875 0.27174567499999996 0.6369735203125 0.28358304444444443
1 0.6072289718749999 0.4503079583333333 0.61166822421875 0.4547474041666667 0.6196604359375 0.42860380555555555 0.61166822421875 0.4636262972222222 0.61788317734375 0.46757266388888885 0.6232118382812499 0.44192214583333334 0.62143613671875 0.46264013888888894 0.6236557632812499 0.46264013888888894 0.62987071640625 0.44685467083333336 0.6240996882812501 0.4670795847222222 0.6254314640625 0.4794100347222222 0.62898286640625 0.47053114166666665 0.63875077890625 0.4384688583333334 0.63963862890625 0.4133131486111111 0.63564174453125 0.41923183333333336 0.63608566953125 0.4083806222222222 0.63297819296875 0.4078875430555556 0.6312024921875 0.41479238749999997 0.628538940625 0.41429930833333334 0.62898286640625 0.40492733611111115 0.63253426796875 0.39604844305555553 0.627651090625 0.3940034597222223 0.6218800625 0.3901297583333333 0.61433177578125 0.41725951527777777 0.6072289718749999 0.4503079583333333
1 0.618327103125 0.3995017305555556 0.6236557632812499 0.3738512111111111 0.628095015625 0.36151903055555556 0.6193271031250001 0.3594844291666666 0.61699532734375 0.3718788930555555 0.613 0.40048788888888887 0.60811682265625 0.4221920416666667 0.618327103125 0.3995017305555556
1 0.5796875 0.3 0.58203125 0.2986111111111111 0.58515625 0.30277777777777776 0.58359375 0.3055555555555556 0.58515625 0.3111111111111111 0.58203125 0.32222222222222224 0.58203125 0.33194444444444443 0.58046875 0.3333333333333333 0.58046875 0.3402777777777778 0.58203125 0.3416666666666667 0.578125 0.3416666666666667 0.5765625 0.3388888888888889 0.578125 0.3347222222222222 0.5765625 0.3333333333333333 0.578125 0.32916666666666666 0.5765625 0.30972222222222223 0.5796875 0.3013888888888889
1 0.565625 0.29444444444444445 0.56796875 0.29444444444444445 0.56796875 0.3111111111111111 0.56171875 0.3347222222222222 0.56328125 0.3388888888888889 0.5609375 0.3388888888888889 0.5609375 0.31666666666666665 0.559375 0.31527777777777777 0.559375 0.3055555555555556 0.565625 0.29583333333333334
1 0.55 0.2972222222222222 0.55390625 0.2972222222222222 0.55390625 0.3111111111111111 0.55078125 0.32222222222222224 0.55078125 0.3388888888888889 0.546875 0.33611111111111114 0.5484375 0.3194444444444444 0.5453125 0.3138888888888889 0.5453125 0.3055555555555556 0.55 0.2986111111111111
1 0.53125 0.29444444444444445 0.53671875 0.29305555555555557 0.53515625 0.2986111111111111 0.53515625 0.32083333333333336 0.53203125 0.32916666666666666 0.53359375 0.3388888888888889 0.5296875 0.3388888888888889 0.5296875 0.3333333333333333 0.528125 0.33194444444444443 0.5296875 0.32916666666666666 0.5296875 0.31527777777777777 0.5265625 0.3111111111111111 0.528125 0.3 0.53046875 0.3 0.53125 0.29583333333333334
1 0.49296875 0.2791666666666667 0.4984375 0.2791666666666667 0.4984375 0.29583333333333334 0.496875 0.2972222222222222 0.496875 0.30416666666666664 0.49375 0.30833333333333335 0.49375 0.3194444444444444 0.4921875 0.32083333333333336 0.48984375 0.31805555555555554 0.49140625 0.3138888888888889 0.48984375 0.2916666666666667 0.49296875 0.28055555555555556
1 0.48359375 0.27361111111111114 0.4875 0.2763888888888889 0.4875 0.29583333333333334 0.484375 0.30833333333333335 0.484375 0.32083333333333336 0.48046875 0.32083333333333336 0.48046875 0.3013888888888889 0.47734375 0.2972222222222222 0.47734375 0.29305555555555557 0.48046875 0.2902777777777778 0.48046875 0.2791666666666667 0.48359375 0.275
1 0.46328125 0.27361111111111114 0.4671875 0.2722222222222222 0.465625 0.3111111111111111 0.4640625 0.3125 0.4640625 0.31805555555555554 0.45859375 0.31805555555555554 0.46171875 0.3111111111111111 0.46171875 0.30277777777777776 0.45859375 0.29583333333333334 0.45859375 0.2833333333333333 0.46328125 0.275
1 0.47421875 0.2763888888888889 0.4796875 0.2791666666666667 0.4796875 0.29305555555555557 0.475 0.3013888888888889 0.47421875 0.30694444444444446 0.47421875 0.2986111111111111 0.47265625 0.2972222222222222 0.47421875 0.2777777777777778
1 0.41953125 0.25972222222222224 0.4265625 0.25833333333333336 0.4328125 0.2722222222222222 0.4296875 0.3 0.42109375 0.3013888888888889 0.41484375 0.29305555555555557 0.41640625 0.2916666666666667 0.41640625 0.2833333333333333 0.41328125 0.2763888888888889 0.41484375 0.2652777777777778 0.41953125 0.2611111111111111
1 0.38984375 0.3013888888888889 0.3984375 0.2986111111111111 0.3984375 0.3055555555555556 0.4 0.30694444444444446 0.4 0.33611111111111114 0.396875 0.3416666666666667 0.39140625 0.34305555555555556 0.38984375 0.3416666666666667 0.38984375 0.31666666666666665 0.38828125 0.31527777777777777 0.38984375 0.30277777777777776
1 0.37578125 0.3 0.38125 0.2986111111111111 0.3859375 0.3055555555555556 0.384375 0.3416666666666667 0.38046875 0.34305555555555556 0.37890625 0.3416666666666667 0.37578125 0.31527777777777777 0.37421875 0.3138888888888889 0.37421875 0.30277777777777776 0.37578125 0.3013888888888889
1 0.36328125 0.3013888888888889 0.36875 0.3 0.371875 0.30277777777777776 0.371875 0.33611111111111114 0.3703125 0.3375 0.3703125 0.3458333333333333 0.36640625 0.3458333333333333 0.36328125 0.33611111111111114 0.36328125 0.30277777777777776
1 0.35234375 0.3 0.359375 0.3 0.3609375 0.3055555555555556 0.3609375 0.32222222222222224 0.3578125 0.33055555555555555 0.359375 0.3333333333333333 0.3578125 0.3402777777777778 0.359375 0.3416666666666667 0.3578125 0.3458333333333333 0.35390625 0.3458333333333333 0.35234375 0.3236111111111111 0.34921875 0.31527777777777777 0.35234375 0.3013888888888889
1 0.33828125 0.3 0.3421875 0.2986111111111111 0.3484375 0.30694444444444446 0.3484375 0.3138888888888889 0.3453125 0.32222222222222224 0.3453125 0.33611111111111114 0.34375 0.3375 0.3453125 0.3416666666666667 0.33828125 0.34305555555555556 0.33828125 0.32916666666666666 0.33671875 0.3277777777777778 0.33671875 0.3055555555555556 0.33828125 0.3013888888888889
1 0.30234375 0.3013888888888889 0.315625 0.3013888888888889 0.3203125 0.3138888888888889 0.31875 0.34305555555555556 0.3171875 0.34444444444444444 0.31875 0.3472222222222222 0.31875 0.3638888888888889 0.3203125 0.36944444444444446 0.31328125 0.36944444444444446 0.3109375 0.3736111111111111 0.30703125 0.3736111111111111 0.30703125 0.3680555555555556 0.30859375 0.36666666666666664 0.30703125 0.3638888888888889 0.30703125 0.35138888888888886 0.30546875 0.35 0.30546875 0.34444444444444444 0.29921875 0.3347222222222222 0.29921875 0.31527777777777777 0.29765625 0.3138888888888889 0.30234375 0.30277777777777776