1 0.5 0.4048442902777778 0.504672896875 0.3564013847222222 0.5 0.35986159166666665 0.5 0.4048442902777778
1 0.47975077890625 0.40657439444444443 0.48442367578125 0.3529411763888889 0.47663551406250004 0.36159169583333334 0.47975077890625 0.40657439444444443
1 0.46728971953125004 0.3546712805555556 0.46261682265625004 0.3564013847222222 0.45794392500000003 0.36332180000000003 0.46105918984375 0.40657439444444443 0.46728971953125004 0.3754325263888889 0.46728971953125004 0.3546712805555556
1 0.44080996875 0.40657439444444443 0.44236760156250005 0.34948096944444446 0.43457943906249996 0.36159169583333334 0.44080996875 0.40657439444444443
1 0.3831775703125 0.3512110722222222 0.38629283515625 0.38754325277777774 0.394080996875 0.3529411763888889 0.39096573203124996 0.3339100347222222 0.3831775703125 0.3512110722222222
1 0.3707165109375 0.34083045 0.3707165109375 0.3910034597222222 0.376947040625 0.3927335638888889 0.376947040625 0.3287197236111111 0.3707165109375 0.34083045
1 0.36137071640624996 0.3373702416666667 0.36292834921875 0.38754325277777774 0.36915887812500003 0.34602076111111113 0.36760124609375 0.3339100347222222 0.36137071640624996 0.3373702416666667
1 0.3411214953125 0.34083045 0.3457943921875 0.3910034597222222 0.352024921875 0.33217993055555556 0.34890965703125 0.3287197236111111 0.3411214953125 0.34083045
1 0.2990654203125 0.3910034597222222 0.30373831796875 0.3339100347222222 0.28816199375 0.3131487888888889 0.275700934375 0.3235294111111111 0.275700934375 0.33910034583333337 0.28971962578125 0.3910034597222222 0.2990654203125 0.3910034597222222
1 0.2694704046875 0.42906574444444445 0.2694704046875 0.38754325277777774 0.2601246109375 0.3754325263888889 0.25389408125 0.4031141875 0.25700934609375004 0.4307958472222222 0.263239875 0.4325259513888889 0.2694704046875 0.42906574444444445
1 0.24454828671875 0.37716262916666665 0.2352024921875 0.3840830444444444 0.24299065390625 0.4359861597222222 0.2476635515625 0.4359861597222222 0.25077881640625 0.38754325277777774 0.24454828671875 0.37716262916666665
1 0.23208722734374998 0.39446366805555555 0.2227414328125 0.3840830444444444 0.22118380078125002 0.42906574444444445 0.22741433046875 0.44117647083333333 0.23364486015625002 0.42906574444444445 0.23208722734374998 0.39446366805555555
1 0.21651090312500001 0.3927335638888889 0.20872274140624997 0.3823529416666667 0.20404984453125002 0.38754325277777774 0.2009345796875 0.4083044986111111 0.21183800625 0.442906575 0.21651090312500001 0.44117647083333333 0.21651090312500001 0.3927335638888889
1 0.17289719609375 0.4307958472222222 0.1588785046875 0.4048442902777778 0.14953271015625 0.4048442902777778 0.1417445484375 0.4342560555555555 0.16071962578125001 0.5040899652777777 0.17700311562499998 0.4993702416666667 0.17289719609375 0.4307958472222222
1 0.6339563859374999 0.5 0.6277258570312501 0.4671280277777778 0.6090342679687499 0.5 0.60280373828125 0.5380622833333334 0.6121495328125001 0.5588235291666667 0.623052959375 0.5449826986111111 0.6339563859374999 0.5
1 0.6292834890625 0.5449826986111111 0.62149532734375 0.5934256055555556 0.63551401875 0.5692041527777778 0.6417445484375001 0.52249135 0.6292834890625 0.5449826986111111
1 0.65109034296875 0.5346020763888889 0.64330218046875 0.5363321805555555 0.6386292835937499 0.5536332180555555 0.630841121875 0.6149740486111112 0.6464174453125 0.5726643597222222 0.6542056078125 0.5501730097222223 0.65109034296875 0.5346020763888889
1 0.6542056078125 0.5588235291666667 0.6464174453125 0.5968858125000001 0.64953271015625 0.6107266430555556 0.665109034375 0.5692041527777778 0.6635514015624999 0.5449826986111111 0.6542056078125 0.5588235291666667
1 0.67757009375 0.5830449833333333 0.67289719609375 0.5553633222222222 0.66666666640625 0.5605536333333333 0.66043613671875 0.5899653986111111 0.6542056078125 0.6297577861111111 0.66199376953125 0.6280276819444445 0.6635514015624999 0.6072664361111111 0.67757009375 0.5830449833333333
3 0.623052959375 0.3737024222222222 0.63551401875 0.3529411763888889 0.640186915625 0.32525951527777774 0.6386292835937499 0.30276816666666667 0.62616822421875 0.2889273361111111 0.6292834890625 0.2716262972222222 0.623052959375 0.2716262972222222 0.623052959375 0.2871972319444444 0.6105919 0.29757785416666666 0.60280373828125 0.3200692041666667 0.60124610625 0.4186851208333333 0.6105919 0.4221453291666667 0.61993769453125 0.40657439444444443 0.623052959375 0.3737024222222222