1 0.529595015625 0.4688581319444444 0.5202492210937499 0.47577854722222224 0.51713395625 0.4930795847222222 0.5202492210937499 0.5242214527777778 0.5249221187499999 0.5259515569444444 0.529595015625 0.4688581319444444
1 0.542056075 0.5259515569444444 0.5482866046875 0.4671280277777778 0.5389408101562501 0.47750865 0.542056075 0.5259515569444444
1 0.563862928125 0.4792387541666666 0.56230529609375 0.5259515569444444 0.56697819296875 0.52249135 0.5700934578125 0.4688581319444444 0.563862928125 0.4792387541666666
1 0.49376947031249996 0.47577854722222224 0.49065420546875 0.4878892736111111 0.49844236796874997 0.5259515569444444 0.50311526484375 0.4653979236111111 0.49376947031249996 0.47577854722222224
1 0.7133956382812501 0.7162629763888889 0.7274143304687499 0.6626297583333334 0.7227414328124999 0.6228373708333333 0.70404984453125 0.6366782 0.69626168203125 0.65916955 0.6884735203125001 0.6989619375 0.699376946875 0.7266435986111112 0.7056074765625 0.7162629763888889 0.7133956382812501 0.7162629763888889
1 0.74454828671875 0.7006920416666667 0.741433021875 0.6937716263888889 0.7274143304687499 0.7093425611111112 0.7227414328124999 0.7266435986111112 0.7133956382812501 0.7716262972222222 0.71962616796875 0.7716262972222222 0.7305295953125001 0.7491349486111111 0.74454828671875 0.7006920416666667
1 0.73831775703125 0.7128027680555555 0.7305295953125001 0.7681660902777777 0.741433021875 0.7768166083333333 0.758566978125 0.7006920416666667 0.73831775703125 0.7128027680555555
1 0.7694704046874999 0.7543252597222222 0.7694704046874999 0.7249134944444445 0.75077881640625 0.7543252597222222 0.7523364484374999 0.7802768166666667 0.74454828671875 0.7923875430555556 0.75077881640625 0.8027681666666666 0.7694704046874999 0.7543252597222222
1 0.7710280375 0.7941176472222223 0.7866043617187499 0.7750865055555555 0.7819314640624999 0.7370242208333333 0.7647975078125 0.7681660902777777 0.76168224296875 0.8079584777777777 0.75545171328125 0.8200692041666667 0.763239875 0.8252595152777779 0.7710280375 0.7941176472222223
1 0.436137071875 0.4653979236111111 0.43769470390625004 0.5086505194444444 0.44548286640625 0.4826989625 0.44548286640625 0.4463667819444444 0.436137071875 0.4653979236111111
1 0.42523364453125 0.5103806222222222 0.43146417421875 0.44117647083333333 0.4221183796875 0.4532871972222222 0.42523364453125 0.5103806222222222
1 0.41277258593750005 0.4463667819444444 0.411214953125 0.5069204152777778 0.419003115625 0.4705882347222222 0.41744548281249994 0.4463667819444444 0.41277258593750005 0.4463667819444444
1 0.3894081 0.4515570930555555 0.39096573203124996 0.5051903111111111 0.39719626171875 0.5069204152777778 0.40186915859375 0.442906575 0.3894081 0.4515570930555555
1 0.34890965703125 0.4498269902777778 0.33644859843749997 0.42387543194444444 0.32242990625 0.4359861597222222 0.32242990625 0.47750865 0.33177570078124996 0.5069204152777778 0.34423676015625004 0.5103806222222222 0.34890965703125 0.4498269902777778
1 0.30996884765625 0.5311418680555555 0.30841121484375 0.5034602069444445 0.2990654203125 0.4948096888888889 0.292834890625 0.5086505194444444 0.29595015546875 0.5588235291666667 0.30529595 0.5553633222222222 0.30996884765625 0.5311418680555555
1 0.2819314640625 0.4965397930555555 0.2710280375 0.5051903111111111 0.28037383203125 0.5640138402777778 0.28660436171875003 0.5605536333333333 0.28971962578125 0.5121107263888889 0.2819314640625 0.4965397930555555
1 0.26635513984375 0.5138408305555555 0.25700934609375004 0.5069204152777778 0.25389408125 0.5553633222222222 0.26168224296875 0.5674740486111112 0.26791277265625 0.5536332180555555 0.26635513984375 0.5138408305555555
1 0.2398753890625 0.5017301041666666 0.2352024921875 0.5121107263888889 0.23831775703125002 0.5674740486111112 0.24610591875 0.5692041527777778 0.24922118359374998 0.5103806222222222 0.2398753890625 0.5017301041666666
1 0.19937694687500002 0.5605536333333333 0.1838006234375 0.5363321805555555 0.17289719609375 0.5415224916666667 0.165109034375 0.5778546708333333 0.17289719609375 0.5830449833333333 0.18535825546875 0.6418685125 0.19937694687500002 0.5605536333333333
1 0.19158878515625 0.6193771625 0.19937694687500002 0.6366782 0.1931464171875 0.5986159166666667 0.19158878515625 0.6193771625
3 0.71028037421875 0.4913494805555556 0.7274143304687499 0.47577854722222224 0.7305295953125001 0.4273356402777778 0.71934267890625 0.38612802777777777 0.7009345796875001 0.41349480972222225 0.6884735203125001 0.44117647083333333 0.68323364453125 0.5559930791666667 0.69102180703125 0.5575657444444444 0.7009345796875001 0.5591384083333334 0.71028037421875 0.4913494805555556