2 0.68068535859375 0.6816609 0.67757009375 0.6626297583333334 0.66199376953125 0.6608996541666667 0.64953271015625 0.6487889277777777 0.5996884734375 0.6384083041666666 0.571651090625 0.6487889277777777 0.5202492210937499 0.631487888888889 0.4890965734375 0.6695501736111111 0.48753894062500003 0.6816609 0.62149532734375 0.7093425611111112 0.65732087265625 0.7093425611111112 0.68068535859375 0.6816609
1 0.79127725859375 0.7318339097222223 0.78971962578125 0.6868512111111111 0.79595015546875 0.6730103805555555 0.78816199375 0.6470588236111111 0.7710280375 0.6574394458333334 0.76635513984375 0.6920415222222223 0.7647975078125 0.7370242208333333 0.775700934375 0.7525951555555556 0.7819314640624999 0.7370242208333333 0.79127725859375 0.7318339097222223
1 0.45015576328125 0.6920415222222223 0.43925233671874997 0.6712802763888889 0.43146417421875 0.6903114180555556 0.43769470390625004 0.7404844291666666 0.43457943906249996 0.7577854666666667 0.44236760156250005 0.7577854666666667 0.45015576328125 0.6920415222222223
1 0.4299065421875 0.7231833916666667 0.42679127734375 0.6730103805555555 0.419003115625 0.6764705888888889 0.41433021796874997 0.6903114180555556 0.41744548281249994 0.7525951555555556 0.42834890937500003 0.7508650513888889 0.4299065421875 0.7231833916666667
1 0.41588785078125 0.7681660902777777 0.40809968828125004 0.7439446361111111 0.41433021796874997 0.6955017305555556 0.40809968828125004 0.6626297583333334 0.39875389375000003 0.6660899652777778 0.39252336484375 0.7041522486111111 0.39875389375000003 0.7681660902777777 0.40654205625 0.7716262972222222 0.41588785078125 0.7681660902777777
1 0.352024921875 0.7923875430555556 0.359813084375 0.7837370236111111 0.3582554515625 0.7560553638888889 0.36292834921875 0.7508650513888889 0.359813084375 0.7301038055555557 0.347352025 0.7093425611111112 0.33644859843749997 0.7093425611111112 0.33177570078124996 0.7266435986111112 0.317757009375 0.7335640138888889 0.32242990625 0.790657438888889 0.33333333359375 0.8235294111111112 0.3535825546875 0.8217993083333334 0.352024921875 0.7923875430555556
1 0.394080996875 0.5709342555555555 0.3894081 0.5692041527777778 0.3816199375 0.5830449833333333 0.38473520234374997 0.614186851388889 0.39563862890625 0.6159169555555556 0.39875389375000003 0.5865051902777777 0.394080996875 0.5709342555555555
1 0.4221183796875 0.5674740486111112 0.43146417421875 0.6072664361111111 0.43302180703125004 0.5692041527777778 0.42834890937500003 0.5588235291666667 0.4221183796875 0.5674740486111112
1 0.44180062343750004 0.5552058819444444 0.44038473515625 0.5638564013888889 0.43896884765625 0.6063235291666667 0.44704049843749993 0.6089965402777777 0.45015576328125 0.5570934249999999 0.44180062343750004 0.5552058819444444
1 0.57476635546875 0.5138408305555555 0.56697819296875 0.5242214527777778 0.56697819296875 0.579584775 0.5794392523437499 0.5813148791666667 0.58566978203125 0.52249135 0.57476635546875 0.5138408305555555
3 0.736760125 0.4515570930555555 0.7289719625 0.4515570930555555 0.7289719625 0.4636678194444444 0.71495327109375 0.4896193777777778 0.716510903125 0.579584775 0.7274143304687499 0.579584775 0.74454828671875 0.5155709347222223 0.736760125 0.4515570930555555
1 0.52180685390625 0.579584775 0.5233644859375 0.5363321805555555 0.5186915890625 0.5432525958333333 0.52180685390625 0.579584775
1 0.49065420546875 0.5830449833333333 0.49376947031249996 0.5380622833333334 0.4890965734375 0.5432525958333333 0.49065420546875 0.5830449833333333
1 0.47352024921874997 0.5847750861111112 0.47663551406250004 0.5380622833333334 0.470404984375 0.5467128027777778 0.47352024921874997 0.5847750861111112
1 0.504672896875 0.5813148791666667 0.50778816171875 0.5363321805555555 0.50311526484375 0.5397923874999999 0.504672896875 0.5813148791666667
1 0.2647975078125 0.614186851388889 0.26635513984375 0.6799307958333333 0.27414330234375 0.6280276819444445 0.2710280375 0.614186851388889 0.2647975078125 0.614186851388889
1 0.25077881640625 0.6107266430555556 0.2398753890625 0.6262975777777778 0.241433021875 0.6816609 0.2476635515625 0.6851211069444444 0.25389408125 0.6332179930555555 0.25077881640625 0.6107266430555556
1 0.2819314640625 0.6055363319444445 0.27725856718749997 0.6176470583333333 0.27725856718749997 0.6782006916666667 0.283489096875 0.6799307958333333 0.28816199375 0.6055363319444445 0.2819314640625 0.6055363319444445
1 0.2943925234375 0.6193771625 0.29595015546875 0.6747404847222223 0.30373831796875 0.6470588236111111 0.30218068515624996 0.6072664361111111 0.2943925234375 0.6193771625