1 0.55140186953125 0.8875432527777778 0.5529595015625001 0.8719723180555555 0.5654205609375 0.8650519027777778 0.5529595015625001 0.8027681666666666 0.55919003125 0.795847751388889 0.5576323984375 0.7698961944444443 0.546728971875 0.7439446361111111 0.5358255453125 0.7370242208333333 0.52180685390625 0.7664359861111111 0.5233644859375 0.8546712805555556 0.53738317734375 0.8650519027777778 0.5389408101562501 0.8823529416666667 0.55140186953125 0.8875432527777778
1 0.2523364484375 0.7543252597222222 0.24610591875 0.7128027680555555 0.25077881640625 0.6972318333333333 0.23831775703125002 0.6747404847222223 0.2305295953125 0.6730103805555555 0.2305295953125 0.7058823527777778 0.241433021875 0.7543252597222222 0.2476635515625 0.7577854666666667 0.2523364484375 0.7543252597222222
1 0.224299065625 0.6730103805555555 0.21651090312500001 0.6747404847222223 0.224299065625 0.7439446361111111 0.23364486015625002 0.7439446361111111 0.2305295953125 0.6920415222222223 0.224299065625 0.6730103805555555
1 0.21651090312500001 0.7474048444444444 0.21651090312500001 0.6989619375 0.207165109375 0.6626297583333334 0.19781931484374998 0.6643598611111111 0.19470405 0.6885813152777778 0.20872274140624997 0.7543252597222222 0.224299065625 0.7577854666666667 0.21651090312500001 0.7474048444444444
1 0.20249221171874998 0.7439446361111111 0.1931464171875 0.6678200694444444 0.1838006234375 0.6678200694444444 0.182242990625 0.6903114180555556 0.19158878515625 0.7474048444444444 0.19626168203125 0.7491349486111111 0.20249221171874998 0.7439446361111111
1 0.080996884375 0.7595155708333334 0.09190031171875 0.7837370236111111 0.0872274140625 0.7681660902777777 0.09657320859375 0.7595155708333334 0.09190031171875 0.7179930791666667 0.071651090625 0.6885813152777778 0.063862928125 0.6920415222222223 0.05607476640625 0.7024221458333333 0.05919003125 0.7162629763888889 0.071651090625 0.7525951555555556 0.080996884375 0.7595155708333334
1 0.6090342679687499 0.5415224916666667 0.60436137109375 0.5415224916666667 0.60280373828125 0.5674740486111112 0.6090342679687499 0.5899653986111111 0.6105919 0.5536332180555555 0.6090342679687499 0.5415224916666667
1 0.5825545171875001 0.5415224916666667 0.5794392523437499 0.5536332180555555 0.588785046875 0.5882352944444444 0.588785046875 0.5380622833333334 0.5825545171875001 0.5415224916666667
1 0.5654205609375 0.5432525958333333 0.563862928125 0.5605536333333333 0.571651090625 0.5865051902777777 0.571651090625 0.5415224916666667 0.5654205609375 0.5432525958333333
1 0.5404984421875 0.5536332180555555 0.55140186953125 0.5865051902777777 0.546728971875 0.5363321805555555 0.5404984421875 0.5536332180555555
1 0.37383177578125004 0.5865051902777777 0.36448598125 0.5692041527777778 0.3582554515625 0.5692041527777778 0.352024921875 0.5968858125000001 0.359813084375 0.631487888888889 0.3753894078125 0.6349480972222222 0.37383177578125004 0.5865051902777777
1 0.47819314609374997 0.5570934249999999 0.47196261718750004 0.5674740486111112 0.47507788125 0.6089965402777777 0.48286604375 0.6089965402777777 0.48442367578125 0.5709342555555555 0.47819314609374997 0.5570934249999999
1 0.4595015578125 0.5570934249999999 0.45482866015625 0.5640138402777778 0.46105918984375 0.6072664361111111 0.46728971953125004 0.6107266430555556 0.46728971953125004 0.5692041527777778 0.4595015578125 0.5570934249999999
1 0.4517133953125 0.5743944638888888 0.44236760156250005 0.5640138402777778 0.44080996875 0.5882352944444444 0.44704049843749993 0.6124567472222222 0.4517133953125 0.6124567472222222 0.4517133953125 0.5743944638888888
1 0.43769470390625004 0.5726643597222222 0.43457943906249996 0.5640138402777778 0.42679127734375 0.5640138402777778 0.42523364453125 0.5830449833333333 0.43146417421875 0.6107266430555556 0.43769470390625004 0.6124567472222222 0.43769470390625004 0.5726643597222222
1 0.4221183796875 0.5726643597222222 0.41277258593750005 0.5622837375 0.40965732109374997 0.579584775 0.41744548281249994 0.614186851388889 0.4221183796875 0.6107266430555556 0.4221183796875 0.5726643597222222
1 0.67757009375 0.5640138402777778 0.68535825546875 0.5346020763888889 0.67445482890625 0.5138408305555555 0.66666666640625 0.5155709347222223 0.6588785046875001 0.5311418680555555 0.665109034375 0.5934256055555556 0.67757009375 0.5968858125000001 0.67757009375 0.5640138402777778
1 0.2476635515625 0.6003460208333333 0.24610591875 0.6280276819444445 0.258566978125 0.6539792388888889 0.2523364484375 0.5968858125000001 0.2476635515625 0.6003460208333333
1 0.2352024921875 0.5951557097222222 0.23364486015625002 0.614186851388889 0.2398753890625 0.6159169555555556 0.2398753890625 0.5916955013888889 0.2352024921875 0.5951557097222222
1 0.224299065625 0.5968858125000001 0.2227414328125 0.614186851388889 0.22741433046875 0.6159169555555556 0.22897196250000001 0.6003460208333333 0.224299065625 0.5968858125000001
1 0.21028037421875 0.5951557097222222 0.2056074765625 0.614186851388889 0.21495327109375 0.6159169555555556 0.21495327109375 0.5951557097222222 0.21028037421875 0.5951557097222222
3 0.76111526484375 0.6259826986111111 0.77527570078125 0.6299152250000001 0.7694704046874999 0.5553633222222222 0.78816199375 0.5328719722222223 0.78816199375 0.47577854722222224 0.77385981328125 0.428593425 0.7660716507812501 0.4262352944444444 0.75077881640625 0.4636678194444444 0.74454828671875 0.4826989625 0.741433021875 0.5155709347222223 0.75077881640625 0.5501730097222223 0.7476635515625001 0.6244100347222222 0.76111526484375 0.6259826986111111