3 0.81328125 0.7388888888888889 0.81875 0.7375 0.82265625 0.7444444444444445 0.825 0.7444444444444445 0.8234375 0.7458333333333333 0.825 0.7513888888888889 0.82265625 0.7513888888888889 0.821875 0.7555555555555555 0.8125 0.7583333333333333 0.81484375 0.7638888888888888 0.825 0.7736111111111111 0.828125 0.7833333333333333 0.828125 0.8 0.8265625 0.8013888888888889 0.825 0.8263888888888888 0.8234375 0.8319444444444445 0.8171875 0.8375 0.8171875 0.8416666666666667 0.80546875 0.8416666666666667 0.803125 0.8444444444444444 0.8046875 0.8680555555555556 0.8015625 0.8722222222222222 0.8 0.8833333333333333 0.796875 0.8888888888888888 0.7875 0.8902777777777777 0.7875 0.8944444444444445 0.78984375 0.8972222222222223 0.7921875 0.8958333333333334 0.7921875 0.9 0.78203125 0.8944444444444445 0.77890625 0.8888888888888888 0.77890625 0.8791666666666667 0.78046875 0.8777777777777778 0.77890625 0.8625 0.78203125 0.8569444444444444 0.78203125 0.8486111111111111 0.78515625 0.8416666666666667 0.78515625 0.8222222222222222 0.78828125 0.8152777777777778 0.78203125 0.8055555555555556 0.78203125 0.7986111111111112 0.78828125 0.7819444444444444 0.78984375 0.7722222222222223 0.79765625 0.7597222222222222 0.809375 0.7597222222222222 0.81640625 0.7527777777777778 0.82265625 0.7513888888888889 0.81015625 0.7513888888888889 0.81015625 0.7444444444444445 0.8125 0.7444444444444445 0.81328125 0.7402777777777778
1 0.47265625 0.6708333333333333 0.478125 0.6708333333333333 0.4796875 0.6805555555555556 0.4828125 0.6861111111111111 0.48125 0.7083333333333334 0.4796875 0.7097222222222223 0.48125 0.7291666666666666 0.47734375 0.7291666666666666 0.47734375 0.7208333333333333 0.475 0.7152777777777778 0.471875 0.7236111111111111 0.46953125 0.7236111111111111 0.46953125 0.7013888888888888 0.46640625 0.6972222222222222 0.46640625 0.6791666666666667 0.4703125 0.6777777777777778 0.47265625 0.6722222222222223
1 0.6515625 0.6680555555555555 0.65546875 0.6680555555555555 0.65546875 0.6944444444444444 0.65234375 0.7027777777777777 0.65234375 0.7125 0.646875 0.7083333333333334 0.6484375 0.6888888888888889 0.6453125 0.6805555555555556 0.646875 0.6736111111111112 0.6515625 0.6694444444444444
1 0.675 0.6791666666666667 0.67421875 0.6972222222222222 0.67109375 0.7041666666666667 0.67109375 0.7166666666666667 0.66875 0.7194444444444444 0.6671875 0.7166666666666667 0.665625 0.6861111111111111 0.6671875 0.6819444444444445 0.67421875 0.6777777777777778
1 0.6875 0.6819444444444445 0.69140625 0.6819444444444445 0.68984375 0.7013888888888888 0.68515625 0.7138888888888889 0.68515625 0.7208333333333333 0.68125 0.7236111111111111 0.68125 0.7138888888888889 0.6828125 0.7125 0.68125 0.6916666666666667 0.684375 0.6847222222222222 0.6875 0.6833333333333333
1 0.703125 0.6944444444444444 0.70859375 0.6916666666666667 0.71015625 0.6958333333333333 0.71015625 0.7013888888888888 0.70859375 0.7027777777777777 0.71015625 0.7069444444444445 0.70390625 0.7236111111111111 0.70390625 0.7333333333333333 0.70546875 0.7347222222222223 0.70390625 0.7361111111111112 0.7 0.7347222222222223 0.7 0.725 0.7015625 0.7236111111111111 0.7 0.7097222222222223 0.7015625 0.7083333333333334 0.7015625 0.6986111111111111 0.703125 0.6958333333333333
1 0.578125 0.675 0.58203125 0.675 0.58671875 0.6847222222222222 0.58515625 0.7138888888888889 0.5734375 0.7194444444444444 0.5734375 0.7138888888888889 0.5765625 0.7069444444444445 0.5765625 0.6986111111111111 0.5734375 0.6930555555555555 0.5734375 0.6819444444444445 0.578125 0.6763888888888889
1 0.56796875 0.6722222222222223 0.57109375 0.6791666666666667 0.57109375 0.6930555555555555 0.56953125 0.6944444444444444 0.56796875 0.7152777777777778 0.5625 0.7138888888888889 0.5640625 0.7097222222222223 0.5578125 0.6833333333333333 0.559375 0.6736111111111112 0.5625 0.6708333333333333 0.5671875 0.6722222222222223
1 0.553125 0.6680555555555555 0.55703125 0.675 0.55703125 0.6875 0.55546875 0.6888888888888889 0.55703125 0.6916666666666667 0.55546875 0.6958333333333333 0.55703125 0.7027777777777777 0.55546875 0.7041666666666667 0.55546875 0.7097222222222223 0.5515625 0.7125 0.546875 0.6986111111111111 0.546875 0.6805555555555556 0.553125 0.6694444444444444
1 0.54140625 0.6666666666666666 0.54453125 0.6708333333333333 0.54453125 0.6875 0.54296875 0.6888888888888889 0.54296875 0.7055555555555556 0.54140625 0.7069444444444445 0.5375 0.7069444444444445 0.5375 0.6916666666666667 0.534375 0.6847222222222222 0.5359375 0.6680555555555555 0.540625 0.6666666666666666
1 0.5234375 0.6597222222222222 0.52578125 0.6583333333333333 0.53359375 0.6680555555555555 0.53359375 0.6833333333333333 0.53046875 0.6944444444444444 0.53046875 0.7055555555555556 0.5265625 0.7055555555555556 0.521875 0.7 0.5234375 0.6986111111111111 0.5234375 0.6736111111111112 0.521875 0.6722222222222223 0.5234375 0.6611111111111111
1 0.38515625 0.6736111111111112 0.390625 0.6722222222222223 0.390625 0.7013888888888888 0.3890625 0.7027777777777777 0.390625 0.7138888888888889 0.38515625 0.7097222222222223 0.38671875 0.7083333333333334 0.38671875 0.7027777777777777 0.38359375 0.6944444444444444 0.38359375 0.6777777777777778 0.38515625 0.675
1 0.37421875 0.6680555555555555 0.3796875 0.6666666666666666 0.3796875 0.6722222222222223 0.38125 0.6736111111111112 0.38125 0.7083333333333334 0.3828125 0.7097222222222223 0.37734375 0.7083333333333334 0.37734375 0.7013888888888888 0.37265625 0.6875 0.37421875 0.6694444444444444
1 0.36796875 0.6638888888888889 0.371875 0.6652777777777777 0.3734375 0.6861111111111111 0.375 0.6875 0.3734375 0.6916666666666667 0.375 0.6972222222222222 0.36953125 0.7069444444444445 0.36796875 0.6847222222222222 0.36640625 0.6833333333333333 0.36640625 0.6666666666666666 0.36796875 0.6652777777777777
1 0.35703125 0.6611111111111111 0.3625 0.6611111111111111 0.3625 0.6916666666666667 0.3640625 0.6930555555555555 0.3640625 0.7027777777777777 0.35859375 0.7013888888888888 0.35859375 0.6861111111111111 0.35390625 0.6736111111111112 0.35703125 0.6625
1 0.34609375 0.7722222222222223 0.35 0.7708333333333334 0.353125 0.7736111111111111 0.353125 0.7819444444444444 0.35625 0.7902777777777777 0.3546875 0.7916666666666666 0.3546875 0.8069444444444445 0.353125 0.8083333333333333 0.3546875 0.8277777777777777 0.35078125 0.8277777777777777 0.34921875 0.825 0.35078125 0.8194444444444444 0.34296875 0.7916666666666666 0.34296875 0.7791666666666667 0.34609375 0.7736111111111111
1 0.32734375 0.7513888888888889 0.33125 0.7513888888888889 0.3328125 0.7652777777777777 0.3359375 0.7722222222222223 0.3359375 0.8041666666666667 0.334375 0.8055555555555556 0.334375 0.8138888888888889 0.33125 0.8194444444444444 0.32734375 0.8180555555555555 0.32734375 0.7930555555555555 0.32421875 0.7833333333333333 0.32421875 0.7736111111111111 0.32109375 0.7680555555555556 0.32109375 0.7597222222222222 0.325 0.7597222222222222 0.32734375 0.7527777777777778
1 0.3385404984375 0.7965865055555555 0.33883956406250004 0.8049169555555555 0.33943925234375 0.8159134944444445 0.34243925234375 0.811915225 0.341538940625 0.7982525958333333 0.34243925234375 0.7702612458333332 0.3403395640625 0.7649290652777777 0.336739875 0.7682612458333333 0.336739875 0.7749256055555555 0.33644081015625 0.7892543249999999 0.3385404984375 0.7965865055555555
1 0.31796875 0.7513888888888889 0.321875 0.7513888888888889 0.3234375 0.7722222222222223 0.325 0.7736111111111111 0.325 0.7930555555555555 0.3234375 0.7944444444444444 0.325 0.8069444444444445 0.31953125 0.8083333333333333 0.31796875 0.8041666666666667 0.31953125 0.8 0.31796875 0.7805555555555556 0.31640625 0.7791666666666667 0.31640625 0.7583333333333333 0.31796875 0.7527777777777778
2 0.38359375 0.7805555555555556 0.39375 0.7944444444444444 0.39453125 0.7986111111111112 0.3984375 0.8013888888888889 0.40703125 0.8194444444444444 0.4234375 0.8305555555555556 0.43359375 0.85 0.45 0.8694444444444445 0.4578125 0.8819444444444444 0.4609375 0.8958333333333334 0.46875 0.9013888888888889 0.4734375 0.9138888888888889 0.4734375 0.9263888888888889 0.47109375 0.9277777777777778 0.45859375 0.9166666666666666 0.4515625 0.9027777777777778 0.44765625 0.9027777777777778 0.4453125 0.9069444444444444 0.446875 0.9083333333333333 0.44609375 0.9125 0.43203125 0.8972222222222223 0.43046875 0.8944444444444445 0.43046875 0.8847222222222222 0.4265625 0.8763888888888889 0.41796875 0.8694444444444445 0.4125 0.8541666666666666 0.39921875 0.8416666666666667 0.39296875 0.8319444444444445 0.3921875 0.8263888888888888 0.38515625 0.8180555555555555 0.38515625 0.8138888888888889 0.38125 0.8069444444444445 0.37265625 0.8 0.37421875 0.7930555555555555 0.38125 0.7902777777777777 0.38359375 0.7819444444444444
1 0.76484375 0.6958333333333333 0.76875 0.6958333333333333 0.771875 0.7 0.775 0.7138888888888889 0.778125 0.7166666666666667 0.7765625 0.7263888888888889 0.77265625 0.7277777777777777 0.7625 0.7166666666666667 0.75546875 0.7138888888888889 0.75546875 0.7097222222222223 0.76484375 0.6972222222222222
1 0.234375 0.7569444444444444 0.24453125 0.7583333333333333 0.24921875 0.7666666666666667 0.25 0.7763888888888889 0.2515625 0.7777777777777778 0.2515625 0.7972222222222223 0.253125 0.7986111111111112 0.253125 0.8194444444444444 0.2546875 0.8208333333333333 0.25 0.825 0.246875 0.8194444444444444 0.2453125 0.8069444444444445 0.2390625 0.7958333333333333 0.2390625 0.7861111111111111 0.23125 0.7680555555555556 0.23125 0.7625 0.234375 0.7583333333333333