1 0.347352025 0.4498269902777778 0.33644859843749997 0.4342560555555555 0.33021806875 0.4377162625 0.3239875390625 0.4463667819444444 0.33021806875 0.5103806222222222 0.3457943921875 0.5103806222222222 0.347352025 0.4498269902777778
1 0.36915887812500003 0.4307958472222222 0.36760124609375 0.47577854722222224 0.37227414296875 0.47577854722222224 0.376947040625 0.4377162625 0.36915887812500003 0.4307958472222222
1 0.3816199375 0.44117647083333333 0.38629283515625 0.4826989625 0.394080996875 0.4394463666666667 0.38629283515625 0.42906574444444445 0.3816199375 0.44117647083333333
1 0.401171875 0.4576388888888889 0.012109375 0.04791666666666667
1 0.415234375 0.45555555555555555 0.01171875 0.05
1 0.429296875 0.4548611111111111 0.011328125 0.04791666666666667
1 0.463671875 0.4222222222222222 0.019921875 0.06666666666666667
1 0.50546875 0.42986111111111114 0.01328125 0.05555555555555555
1 0.51875 0.43472222222222223 0.006640625 0.05277777777777778
1 0.528125 0.43472222222222223 0.009765625 0.05486111111111111
1 0.5390625 0.4354166666666667 0.011328125 0.052083333333333336
1 0.58046875 0.4527777777777778 0.012109375 0.049305555555555554
1 0.59921875 0.4548611111111111 0.011328125 0.04722222222222222
1 0.612890625 0.4548611111111111 0.0125 0.04861111111111111
1 0.631640625 0.45902777777777776 0.011328125 0.04861111111111111
3 0.6931464171874999 0.4636678194444444 0.69470405 0.4740484430555556 0.6931464171874999 0.48615916944444443 0.69470405 0.4896193777777778 0.7009345796875001 0.4896193777777778 0.71028037421875 0.4619377166666666 0.71028037421875 0.4377162625 0.71962616796875 0.4325259513888889 0.724299065625 0.41349480972222225 0.724299065625 0.3892733569444444 0.71962616796875 0.38062283750000003 0.72118380078125 0.3685121111111111 0.71962616796875 0.35986159166666665 0.716510903125 0.3581314875 0.71183800625 0.36332180000000003 0.71028037421875 0.3754325263888889 0.7009345796875001 0.3840830444444444 0.69470405 0.4013840833333333 0.6931464171874999 0.4152249138888889 0.6978193148437499 0.4307958472222222 0.69626168203125 0.4532871972222222 0.6931464171874999 0.4636678194444444
1 0.68046875 0.5993055555555555 0.03515625 0.09513888888888888