2 0.707165109375 0.7370242208333333 0.7570093460937499 0.7508650513888889 0.7725856695312501 0.7474048444444444 0.7819314640624999 0.7318339097222223 0.792834890625 0.7266435986111112 0.7943925234375 0.7162629763888889 0.76791277265625 0.7024221458333333 0.724299065625 0.6989619375 0.699376946875 0.7093425611111112 0.6635514015624999 0.6989619375 0.6386292835937499 0.7301038055555557 0.63707165078125 0.7387543249999999 0.652647975 0.7352941180555554 0.69003115234375 0.7422145333333333 0.707165109375 0.7370242208333333
1 0.8940809968749999 0.7179930791666667 0.89096573203125 0.7024221458333333 0.8753894078125001 0.7058823527777778 0.8660436140625001 0.7404844291666666 0.8629283492187501 0.7647058819444446 0.87227414296875 0.7785467125 0.88473520234375 0.7595155708333334 0.8940809968749999 0.7179930791666667
1 0.5529595015625001 0.8079584777777777 0.5342679125 0.828719723611111 0.5404984421875 0.8944636680555555 0.55451713359375 0.8892733569444445 0.56697819296875 0.8373702416666666 0.5529595015625001 0.8079584777777777
1 0.42523364453125 0.6747404847222223 0.42056074765625 0.6747404847222223 0.41433021796874997 0.6885813152777778 0.41744548281249994 0.7318339097222223 0.42523364453125 0.7076124569444444 0.42523364453125 0.6747404847222223
1 0.43302180703125004 0.6955017305555556 0.4386645515625 0.7064699361111111 0.44236760156250005 0.6955017305555556 0.43925233671874997 0.6712802763888889 0.43457943906249996 0.6730103805555555 0.43302180703125004 0.6955017305555556
1 0.44548286640625 0.6695501736111111 0.44392523359374997 0.7214532875 0.4517133953125 0.6972318333333333 0.45015576328125 0.6643598611111111 0.44548286640625 0.6695501736111111
1 0.45794392500000003 0.6678200694444444 0.45482866015625 0.7145328722222222 0.46417445468749996 0.6920415222222223 0.46261682265625004 0.6626297583333334 0.45794392500000003 0.6678200694444444
1 0.529595015625 0.6228373708333333 0.5202492210937499 0.6072664361111111 0.51401869140625 0.6332179930555555 0.51713395625 0.6678200694444444 0.5249221187499999 0.6678200694444444 0.529595015625 0.6228373708333333
1 0.5685358257812501 0.5726643597222222 0.57476635546875 0.5536332180555555 0.5700934578125 0.5415224916666667 0.5685358257812501 0.5726643597222222
1 0.58411214921875 0.5726643597222222 0.588785046875 0.5397923874999999 0.58411214921875 0.5432525958333333 0.58411214921875 0.5726643597222222
1 0.5950155765625 0.5692041527777778 0.5996884734375 0.5536332180555555 0.59657320859375 0.5363321805555555 0.5950155765625 0.5692041527777778
1 0.6090342679687499 0.5692041527777778 0.61526479765625 0.5346020763888889 0.6105919 0.5380622833333334 0.6090342679687499 0.5692041527777778
1 0.66199376953125 0.5086505194444444 0.652647975 0.5242214527777778 0.6542056078125 0.5657439444444444 0.66043613671875 0.5692041527777778 0.6713395640625001 0.5138408305555555 0.66199376953125 0.5086505194444444
1 0.60124610625 0.7370242208333333 0.59190031171875 0.7508650513888889 0.59034267890625 0.7750865055555555 0.5981308414062501 0.8027681666666666 0.60747663515625 0.7543252597222222 0.60124610625 0.7370242208333333
1 0.5778816203125 0.7370242208333333 0.5700934578125 0.7422145333333333 0.5654205609375 0.7577854666666667 0.5700934578125 0.7768166083333333 0.5825545171875001 0.7681660902777777 0.5778816203125 0.7370242208333333
1 0.5872274140625 0.795847751388889 0.59034267890625 0.7404844291666666 0.5825545171875001 0.7474048444444444 0.5872274140625 0.795847751388889
1 0.5576323984375 0.7508650513888889 0.55607476640625 0.7802768166666667 0.563862928125 0.7768166083333333 0.5654205609375 0.7491349486111111 0.5576323984375 0.7508650513888889
3 0.82710280390625 0.47577854722222224 0.8208722742187501 0.47750865 0.8037383179687501 0.5276816611111111 0.8021806851562501 0.5882352944444444 0.8115264796874999 0.5882352944444444 0.83177570078125 0.5207612458333334 0.82710280390625 0.47577854722222224