2 0.43925233671874997 0.65916955 0.43302180703125004 0.6470588236111111 0.46105918984375 0.6280276819444445 0.46261682265625004 0.6089965402777777 0.45482866015625 0.5951557097222222 0.436137071875 0.5865051902777777 0.41744548281249994 0.5657439444444444 0.38473520234374997 0.5536332180555555 0.3707165109375 0.5415224916666667 0.35046728984375003 0.5501730097222223 0.33956386328125 0.5467128027777778 0.30218068515624996 0.5190311416666666 0.28660436171875003 0.5501730097222223 0.2819314640625 0.5709342555555555 0.292834890625 0.5674740486111112 0.40342679140625004 0.6487889277777777 0.43925233671874997 0.65916955
1 0.542056075 0.7629757791666667 0.5404984421875 0.7768166083333333 0.55607476640625 0.7820069208333333 0.57476635546875 0.7560553638888889 0.57320872265625 0.6712802763888889 0.5778816203125 0.6522491347222222 0.5700934578125 0.614186851388889 0.56074766328125 0.5986159166666667 0.55140186953125 0.6003460208333333 0.53115264765625 0.6574394458333334 0.5342679125 0.7041522486111111 0.5280373828125 0.7439446361111111 0.5358255453125 0.7474048444444444 0.542056075 0.7629757791666667
1 0.21962616796874998 0.6055363319444445 0.21962616796874998 0.5605536333333333 0.21339563828125 0.5276816611111111 0.20872274140624997 0.5276816611111111 0.20249221171874998 0.5484429069444444 0.207165109375 0.6297577861111111 0.21962616796874998 0.6384083041666666 0.21495327109375 0.614186851388889 0.21962616796874998 0.6055363319444445
1 0.22897196250000001 0.5432525958333333 0.2227414328125 0.5501730097222223 0.2227414328125 0.6211072666666666 0.23364486015625002 0.6245674736111111 0.2352024921875 0.5588235291666667 0.22897196250000001 0.5432525958333333
1 0.24610591875 0.6055363319444445 0.25389408125 0.5726643597222222 0.24299065390625 0.5449826986111111 0.236760125 0.5536332180555555 0.2352024921875 0.5882352944444444 0.241433021875 0.6349480972222222 0.2476635515625 0.6384083041666666 0.24610591875 0.6055363319444445
1 0.19937694687500002 0.5346020763888889 0.19158878515625 0.5363321805555555 0.19003115234375 0.6228373708333333 0.19626168203125 0.6262975777777778 0.2009345796875 0.6228373708333333 0.19937694687500002 0.5346020763888889
1 0.0778816203125 0.6470588236111111 0.09190031171875 0.6505190305555555 0.088785046875 0.5674740486111112 0.07320872265625 0.5311418680555555 0.06542056093750001 0.5294117652777778 0.057632398437499996 0.5467128027777778 0.06542056093750001 0.602076125 0.07320872265625 0.614186851388889 0.0778816203125 0.6470588236111111
1 0.74454828671875 0.5017301041666666 0.7429906539062501 0.4826989625 0.7305295953125001 0.4688581319444444 0.71495327109375 0.4896193777777778 0.7133956382812501 0.5605536333333333 0.73208722734375 0.5657439444444444 0.73208722734375 0.5449826986111111 0.74454828671875 0.5017301041666666
1 0.652647975 0.5051903111111111 0.6542056078125 0.5519031138888889 0.66043613671875 0.5138408305555555 0.65732087265625 0.4948096888888889 0.652647975 0.5051903111111111
1 0.63239875390625 0.5484429069444444 0.63707165078125 0.4913494805555556 0.6292834890625 0.5 0.63239875390625 0.5484429069444444
1 0.61526479765625 0.5449826986111111 0.61993769453125 0.4930795847222222 0.6105919 0.5 0.61526479765625 0.5449826986111111
1 0.59190031171875 0.4896193777777778 0.58566978203125 0.5 0.59034267890625 0.5432525958333333 0.59657320859375 0.5155709347222223 0.59190031171875 0.4896193777777778
1 0.512461059375 0.4982698958333333 0.51401869140625 0.5363321805555555 0.5186915890625 0.5346020763888889 0.5210981304687501 0.4962249138888889 0.512461059375 0.4982698958333333
1 0.504672896875 0.5155709347222223 0.49688473515625003 0.4948096888888889 0.4890965734375 0.5034602069444445 0.495327103125 0.5553633222222222 0.5 0.5536332180555555 0.504672896875 0.5155709347222223
1 0.47663551406250004 0.5034602069444445 0.48442367578125 0.5519031138888889 0.48598130859375 0.5086505194444444 0.48286604375 0.5 0.47663551406250004 0.5034602069444445
1 0.3894081 0.4844290652777778 0.3878504671875 0.4982698958333333 0.394080996875 0.4982698958333333 0.39563862890625 0.48615916944444443 0.3894081 0.4844290652777778
1 0.2647975078125 0.4930795847222222 0.258566978125 0.4948096888888889 0.2601246109375 0.5553633222222222 0.26635513984375 0.5605536333333333 0.26635513984375 0.5034602069444445 0.2647975078125 0.4930795847222222
1 0.2710280375 0.5017301041666666 0.26791277265625 0.5276816611111111 0.275700934375 0.5553633222222222 0.275700934375 0.4965397930555555 0.2710280375 0.5017301041666666
3 0.8411214953125 0.5674740486111112 0.85046728984375 0.5207612458333334 0.847352025 0.48615916944444443 0.8535825546875 0.4723183388888889 0.8691588781249999 0.4671280277777778 0.8753894078125001 0.4342560555555555 0.8753894078125001 0.3858131486111111 0.8613707164062501 0.3702422138888889 0.8613707164062501 0.33910034583333337 0.8457943921875 0.34602076111111113 0.847352025 0.36332180000000003 0.82710280390625 0.3840830444444444 0.8177570093750001 0.4186851208333333 0.8161993765625001 0.4532871972222222 0.82242990625 0.45847750833333334 0.8177570093750001 0.5640138402777778 0.8411214953125 0.5674740486111112