3 0.1105919 0.4688581319444444 0.12616822421875 0.4567474041666667 0.09968847343750001 0.3737024222222222 0.1105919 0.36159169583333334 0.105919003125 0.3356401388888889 0.080996884375 0.28200692083333334 0.05607476640625 0.26643598611111113 0.05607476640625 0.2543252597222222 0.046728971875000004 0.24221453333333334 0.0342679125 0.2456747402777778 0.0358255453125 0.34429065694444444 0.0778816203125 0.41349480972222225 0.10124610625 0.4671280277777778 0.1105919 0.4688581319444444
1 0.16666666640625 0.6574394458333334 0.13551401875 0.6297577861111111 0.12616822421875 0.6297577861111111 0.12616822421875 0.6366782 0.11370716484375001 0.6453287194444445 0.1121495328125 0.6608996541666667 0.15109034296874999 0.7231833916666667 0.17289719609375 0.7231833916666667 0.16666666640625 0.6574394458333334
1 0.22633596875 0.30676071250000003 0.224299065625 0.3339100347222222 0.236760125 0.34948096944444446 0.24299065390625 0.37889273333333334 0.2476635515625 0.3737024222222222 0.2352024921875 0.31660899722222224 0.22633596875 0.30676071250000003
1 0.25545171328125 0.30968858194444443 0.24299065390625 0.28373702361111114 0.23831775703125002 0.28373702361111114 0.2398753890625 0.29930795833333335 0.258566978125 0.3581314875 0.25545171328125 0.30968858194444443
1 0.25077881640625 0.26470588194444444 0.25077881640625 0.29757785416666666 0.2694704046875 0.3512110722222222 0.26168224296875 0.2906574388888889 0.25077881640625 0.26470588194444444
1 0.2647975078125 0.2595155708333333 0.26635513984375 0.3010380625 0.27881619921875 0.33910034583333337 0.27881619921875 0.29757785416666666 0.2647975078125 0.2595155708333333
1 0.39719626171875 0.2093425611111111 0.39096573203124996 0.2093425611111111 0.3894081 0.22491349444444445 0.3831775703125 0.23010380555555557 0.39096573203124996 0.30276816666666667 0.40809968828125004 0.2941176472222222 0.40654205625 0.23529411805555556 0.39719626171875 0.2093425611111111
1 0.43925233671874997 0.40657439444444443 0.43769470390625004 0.4377162625 0.44859813046874997 0.4878892736111111 0.44859813046874997 0.4446366777777778 0.43925233671874997 0.40657439444444443
1 0.44704049843749993 0.3840830444444444 0.44548286640625 0.4221453291666667 0.4595015578125 0.4809688583333333 0.45794392500000003 0.4100346013888889 0.44704049843749993 0.3840830444444444
1 0.46105918984375 0.38062283750000003 0.45794392500000003 0.40657439444444443 0.46417445468749996 0.4515570930555555 0.46884735234374997 0.4307958472222222 0.46105918984375 0.38062283750000003
1 0.470404984375 0.3685121111111111 0.4657320875 0.3702422138888889 0.46417445468749996 0.4048442902777778 0.47663551406250004 0.4515570930555555 0.47663551406250004 0.38062283750000003 0.470404984375 0.3685121111111111
1 0.51953125 0.2902777777777778 0.0140625 0.07013888888888889
1 0.534375 0.2722222222222222 0.010546875 0.058333333333333334
1 0.545703125 0.2611111111111111 0.010546875 0.058333333333333334
1 0.55546875 0.24791666666666667 0.01328125 0.06944444444444445
1 0.568359375 0.23333333333333334 0.00859375 0.06666666666666667
1 0.629296875 0.18194444444444444 0.0140625 0.09652777777777778
1 0.655078125 0.19444444444444445 0.01484375 0.0763888888888889
1 0.68046875 0.20277777777777778 0.019921875 0.0798611111111111
1 0.705078125 0.21597222222222223 0.02109375 0.07708333333333334
1 0.8380062304687501 0.3200692041666667 0.8738317757812499 0.24048442916666665 0.8691588781249999 0.2093425611111111 0.8613707164062501 0.2058823527777778 0.8364485984375 0.23010380555555557 0.83333333359375 0.2733564013888889 0.8177570093750001 0.30968858194444443 0.82710280390625 0.3079584777777778 0.8380062304687501 0.3200692041666667
2 0.8364485984375 0.5467128027777778 0.8520249218749999 0.5553633222222222 0.86448598125 0.5484429069444444 0.86448598125 0.5259515569444444 0.8457943921875 0.5155709347222223 0.82710280390625 0.4826989625 0.7694704046874999 0.4307958472222222 0.7274143304687499 0.41349480972222225 0.6884735203125001 0.3685121111111111 0.66666666640625 0.3858131486111111 0.64953271015625 0.3892733569444444 0.647975078125 0.3996539791666666 0.79127725859375 0.5380622833333334 0.8286604359374999 0.5640138402777778 0.8364485984375 0.5467128027777778