2 0.7476635515625001 0.5847750861111112 0.7523364484374999 0.5986159166666667 0.783489096875 0.614186851388889 0.7866043617187499 0.6332179930555555 0.8115264796874999 0.6539792388888889 0.83021806875 0.65916955 0.84423676015625 0.6435986152777778 0.8753894078125001 0.65916955 0.88473520234375 0.6539792388888889 0.8894081 0.6366782 0.8816199375 0.6245674736111111 0.86760124609375 0.6159169555555556 0.85046728984375 0.5916955013888889 0.78504672890625 0.5432525958333333 0.73831775703125 0.5311418680555555 0.7056074765625 0.5034602069444445 0.66043613671875 0.5242214527777778 0.66043613671875 0.5311418680555555 0.67912772578125 0.5346020763888889 0.7133956382812501 0.5743944638888888 0.7476635515625001 0.5847750861111112
3 0.1464174453125 0.5674740486111112 0.1417445484375 0.5155709347222223 0.1292834890625 0.4913494805555556 0.1292834890625 0.47750865 0.1417445484375 0.4550173013888889 0.14231152656249998 0.42308823472222223 0.1339563859375 0.41349480972222225 0.13239875390625 0.4034290652777778 0.13084112187500002 0.39619377222222224 0.1246105921875 0.37889273333333334 0.09628971953125 0.3287197236111111 0.08425389375 0.32714705833333335 0.077172896875 0.34602076111111113 0.07476635546875 0.3892733569444444 0.0778816203125 0.4498269902777778 0.09813084140625 0.4844290652777778 0.123052959375 0.5743944638888888 0.1464174453125 0.5674740486111112
1 0.14953271015625 0.8148788930555556 0.16978193125000002 0.8096885819444444 0.18068535859374998 0.8166089972222222 0.17445482890625 0.7352941180555554 0.17912772578125 0.7231833916666667 0.1713395640625 0.7058823527777778 0.152647975 0.6816609 0.14330218046875 0.6799307958333333 0.123052959375 0.7128027680555555 0.13239875390625 0.7664359861111111 0.1464174453125 0.7837370236111111 0.15109034296874999 0.8010380625 0.14953271015625 0.8148788930555556
1 0.26635513984375 0.52249135 0.2647975078125 0.4982698958333333 0.25077881640625 0.44117647083333333 0.24922118359374998 0.47750865 0.258566978125 0.4930795847222222 0.26168224296875 0.5276816611111111 0.26635513984375 0.52249135
1 0.26791277265625 0.4359861597222222 0.26791277265625 0.4636678194444444 0.279665109375 0.5190311416666666 0.27725856718749997 0.46020761250000003 0.26791277265625 0.4359861597222222
1 0.27881619921875 0.4221453291666667 0.275700934375 0.4498269902777778 0.28816199375 0.5103806222222222 0.28971962578125 0.4792387541666666 0.27881619921875 0.4221453291666667
1 0.29127725859375003 0.420415225 0.28816199375 0.4446366777777778 0.2990654203125 0.5017301041666666 0.2990654203125 0.44117647083333333 0.29127725859375003 0.420415225
1 0.4236760125 0.4048442902777778 0.41433021796874997 0.3840830444444444 0.40186915859375 0.4048442902777778 0.40342679140625004 0.47750865 0.40809968828125004 0.4792387541666666 0.4221183796875 0.4740484430555556 0.4236760125 0.4048442902777778
1 0.8395638632812499 0.4671280277777778 0.8613707164062501 0.4221453291666667 0.85514018671875 0.3927335638888889 0.847352025 0.3892733569444444 0.83021806875 0.4031141875 0.8239875390625 0.4169550166666666 0.82242990625 0.4705882347222222 0.8161993765625001 0.4896193777777778 0.83333333359375 0.5 0.8395638632812499 0.4671280277777778
1 0.46417445468749996 0.6193771625 0.4657320875 0.5743944638888888 0.45638629296875 0.5259515569444444 0.46417445468749996 0.6193771625
1 0.46587383203125 0.5072352944444444 0.46261682265625004 0.5501730097222223 0.4757866046875 0.6228373708333333 0.47352024921874997 0.5536332180555555 0.46587383203125 0.5072352944444444
1 0.47507788125 0.5086505194444444 0.47507788125 0.5622837375 0.4813084109375 0.5899653986111111 0.4813084109375 0.52249135 0.47507788125 0.5086505194444444
1 0.48286604375 0.5017301041666666 0.4813084109375 0.5467128027777778 0.49065420546875 0.5916955013888889 0.49065420546875 0.5190311416666666 0.48286604375 0.5017301041666666
1 0.63239875390625 0.3927335638888889 0.63239875390625 0.3685121111111111 0.62149532734375 0.3702422138888889 0.623052959375 0.4256055361111111 0.63239875390625 0.3927335638888889
1 0.6464174453125 0.4307958472222222 0.66043613671875 0.36678200694444446 0.64953271015625 0.37716262916666665 0.6464174453125 0.4307958472222222
1 0.66978193125 0.4394463666666667 0.682242990625 0.37197231805555553 0.6713395640625001 0.38062283750000003 0.66666666640625 0.39619377222222224 0.665109034375 0.4273356402777778 0.66978193125 0.4342560555555555 0.665109034375 0.4377162625 0.66978193125 0.4394463666666667
1 0.69158878515625 0.4498269902777778 0.7056074765625 0.3823529416666667 0.69158878515625 0.4100346013888889 0.69158878515625 0.4498269902777778
1 0.5280373828125 0.4463667819444444 0.5280373828125 0.4913494805555556 0.53738317734375 0.4498269902777778 0.5342679125 0.42906574444444445 0.5280373828125 0.4463667819444444
1 0.54361370703125 0.4221453291666667 0.5358255453125 0.4394463666666667 0.53738317734375 0.48615916944444443 0.546728971875 0.4307958472222222 0.54361370703125 0.4221453291666667
1 0.5482866046875 0.44117647083333333 0.546728971875 0.4723183388888889 0.55451713359375 0.4550173013888889 0.5529595015625001 0.4152249138888889 0.5482866046875 0.44117647083333333
1 0.5700934578125 0.4152249138888889 0.5700934578125 0.45847750833333334 0.5794392523437499 0.4152249138888889 0.5778816203125 0.3927335638888889 0.5700934578125 0.4152249138888889
1 0.563862928125 0.4100346013888889 0.55919003125 0.4169550166666666 0.5600389406249999 0.47499135 0.56697819296875 0.4273356402777778 0.563862928125 0.4100346013888889