1 0.09345794375000001 0.7508650513888889 0.09968847343750001 0.7802768166666667 0.1168224296875 0.7768166083333333 0.1246105921875 0.7820069208333333 0.1168224296875 0.6989619375 0.09345794375000001 0.6747404847222223 0.08411214921875 0.6764705888888889 0.08411214921875 0.6851211069444444 0.071651090625 0.6955017305555556 0.07009345781250001 0.7110726638888889 0.0763239875 0.7162629763888889 0.0825545171875 0.7439446361111111 0.09345794375000001 0.7508650513888889
1 0.19937694687500002 0.6176470583333333 0.19003115234375 0.6193771625 0.18535825546875 0.6453287194444445 0.1931464171875 0.7024221458333333 0.20249221171874998 0.7024221458333333 0.19937694687500002 0.6176470583333333
1 0.1105919 0.5570934249999999 0.10903426796875 0.5328719722222223 0.10280373828125 0.4844290652777778 0.09813084140625 0.4826989625 0.088785046875 0.5069204152777778 0.09813084140625 0.52249135 0.105919003125 0.5588235291666667 0.1105919 0.5570934249999999
1 0.12616822421875 0.48615916944444443 0.11993769453125 0.48615916944444443 0.1183800625 0.5069204152777778 0.13084112187500002 0.5570934249999999 0.1339563859375 0.5051903111111111 0.12616822421875 0.48615916944444443
1 0.15420560781249998 0.5484429069444444 0.1464174453125 0.4792387541666666 0.1417445484375 0.47750865 0.13551401875 0.4896193777777778 0.13551401875 0.5173010375 0.14330218046875 0.5519031138888889 0.14953271015625 0.5553633222222222 0.15420560781249998 0.5484429069444444
1 0.165109034375 0.4809688583333333 0.1588785046875 0.4844290652777778 0.15576323984375 0.5190311416666666 0.16822429921874998 0.5519031138888889 0.1713395640625 0.5034602069444445 0.165109034375 0.4809688583333333
1 0.317757009375 0.5155709347222223 0.317757009375 0.5051903111111111 0.3161993765625 0.4480968861111111 0.30529595 0.42906574444444445 0.2990654203125 0.4307958472222222 0.28971962578125 0.4619377166666666 0.300623053125 0.5190311416666666 0.3130841125 0.5121107263888889 0.317757009375 0.5155709347222223
1 0.236760125 0.7093425611111112 0.22585669765625 0.6989619375 0.2305295953125 0.6418685125 0.21962616796874998 0.6055363319444445 0.21028037421875 0.6089965402777777 0.20249221171874998 0.6435986152777778 0.21495327109375 0.6955017305555556 0.22585669765625 0.7093425611111112 0.236760125 0.7093425611111112
1 0.23831775703125002 0.6176470583333333 0.23208722734374998 0.631487888888889 0.2398753890625 0.6920415222222223 0.2523364484375 0.6920415222222223 0.24610591875 0.6193771625 0.23831775703125002 0.6176470583333333
1 0.2710280375 0.6782006916666667 0.28037383203125 0.6384083041666666 0.263239875 0.6176470583333333 0.25389408125 0.6228373708333333 0.2523364484375 0.6557093430555555 0.2647975078125 0.7058823527777778 0.275700934375 0.7006920416666667 0.2710280375 0.6782006916666667
1 0.36448598125 0.40657439444444443 0.3582554515625 0.39619377222222224 0.3535825546875 0.39792387500000004 0.3457943921875 0.4152249138888889 0.35514018671875 0.4619377166666666 0.36448598125 0.46020761250000003 0.36448598125 0.40657439444444443
1 0.376947040625 0.39792387500000004 0.3707165109375 0.4048442902777778 0.3707165109375 0.4480968861111111 0.37850467265625 0.45847750833333334 0.3831775703125 0.4100346013888889 0.376947040625 0.39792387500000004
1 0.39719626171875 0.3910034597222222 0.3878504671875 0.3996539791666666 0.394080996875 0.4532871972222222 0.40186915859375 0.4550173013888889 0.40342679140625004 0.4031141875 0.39719626171875 0.3910034597222222
1 0.42523364453125 0.4013840833333333 0.41744548281249994 0.3892733569444444 0.411214953125 0.4186851208333333 0.41433021796874997 0.4498269902777778 0.4221183796875 0.4498269902777778 0.42523364453125 0.4013840833333333
1 0.488671875 0.38333333333333336 0.015625 0.06944444444444445
1 0.51640625 0.3854166666666667 0.017578125 0.06527777777777778
1 0.537890625 0.38333333333333336 0.01484375 0.06388888888888888
1 0.5625 0.3854166666666667 0.01484375 0.06388888888888888
2 0.5404984421875 0.6989619375 0.5700934578125 0.6799307958333333 0.56697819296875 0.6608996541666667 0.52180685390625 0.6366782 0.45482866015625 0.614186851388889 0.419003115625 0.6193771625 0.3582554515625 0.5899653986111111 0.33644859843749997 0.6176470583333333 0.3239875390625 0.6245674736111111 0.3239875390625 0.6366782 0.49376947031249996 0.6972318333333333 0.54361370703125 0.7058823527777778 0.5404984421875 0.6989619375
1 0.644921875 0.3819444444444444 0.036328125 0.1
1 0.686328125 0.7361111111111112 0.04765625 0.11527777777777778
3 0.80996884765625 0.4740484430555556 0.8348909656249999 0.4342560555555555 0.84423676015625 0.37716262916666665 0.8364485984375 0.3183391 0.82710280390625 0.3183391 0.8161993765625001 0.3477508652777778 0.80996884765625 0.3477508652777778 0.8021806851562501 0.3564013847222222 0.78816199375 0.3996539791666666 0.792834890625 0.4307958472222222 0.7819314640624999 0.5017301041666666 0.800623053125 0.5051903111111111 0.80996884765625 0.4740484430555556