2 0.6682242992187499 0.8166089972222222 0.665109034375 0.8010380625 0.64953271015625 0.8010380625 0.6292834890625 0.7854671277777778 0.58411214921875 0.7733564013888888 0.5685358257812501 0.7785467125 0.54517133984375 0.7750865055555555 0.504672896875 0.7577854666666667 0.47663551406250004 0.7854671277777778 0.47507788125 0.795847751388889 0.60436137109375 0.8339100347222221 0.6464174453125 0.8373702416666666 0.6682242992187499 0.8166089972222222
3 0.8021806851562501 0.6193771625 0.8130841125 0.6107266430555556 0.8177570093750001 0.5640138402777778 0.80996884765625 0.5294117652777778 0.800623053125 0.5328719722222223 0.78504672890625 0.5588235291666667 0.7772585671875001 0.5865051902777777 0.7819314640624999 0.6107266430555556 0.77414330234375 0.6574394458333334 0.78816199375 0.65916955 0.8021806851562501 0.6193771625
1 0.31796875 0.8944444444444445 0.0453125 0.08541666666666667
1 0.292578125 0.7090277777777778 0.019140625 0.06944444444444445
1 0.769140625 0.8583333333333333 0.03828125 0.09097222222222222
1 0.378515625 0.8208333333333333 0.017578125 0.07361111111111111
1 0.396484375 0.8194444444444444 0.021875 0.07847222222222222
1 0.415234375 0.8159722222222222 0.013671875 0.06111111111111111
1 0.4328125 0.8166666666666667 0.02109375 0.06944444444444445
1 0.4328125 0.6618055555555555 0.024609375 0.06875
1 0.460546875 0.6208333333333333 0.006640625 0.04236111111111111
1 0.471875 0.6222222222222222 0.01015625 0.04513888888888889
1 0.485546875 0.6180555555555556 0.012890625 0.04652777777777778
1 0.500390625 0.6145833333333334 0.01015625 0.04652777777777778
1 0.541015625 0.5819444444444445 0.010546875 0.043055555555555555
1 0.559375 0.5826388888888889 0.008984375 0.044444444444444446
1 0.575390625 0.58125 0.0109375 0.043055555555555555
1 0.590234375 0.5805555555555556 0.011328125 0.04236111111111111
1 0.64765625 0.575 0.023828125 0.06458333333333334