1 0.2796875 0.41041666666666665 0.025390625 0.08819444444444445
1 0.3125 0.3770833333333333 0.015234375 0.05347222222222222
1 0.327734375 0.3715277777777778 0.0140625 0.05625
1 0.34375 0.36944444444444446 0.014453125 0.058333333333333334
1 0.3515625 0.3111111111111111 0.02734375 0.05486111111111111
1 0.401953125 0.3229166666666667 0.011328125 0.05625
1 0.416796875 0.32430555555555557 0.008203125 0.05416666666666667
1 0.42734375 0.32222222222222224 0.01171875 0.06111111111111111
1 0.438671875 0.32222222222222224 0.01015625 0.059027777777777776
1 0.483984375 0.3333333333333333 0.0140625 0.05555555555555555
1 0.503515625 0.33194444444444443 0.01171875 0.05
1 0.519921875 0.3298611111111111 0.008984375 0.050694444444444445
1 0.5375 0.3284722222222222 0.009375 0.049305555555555554
1 0.68535825546875 0.4636678194444444 0.6869158875 0.45847750833333334 0.69626168203125 0.4515570930555555 0.6978193148437499 0.4325259513888889 0.699376946875 0.4307958472222222 0.699376946875 0.4169550166666666 0.70404984453125 0.4100346013888889 0.70249221171875 0.3858131486111111 0.699376946875 0.38062283750000003 0.69626168203125 0.38062283750000003 0.68535825546875 0.39619377222222224 0.68068535859375 0.4100346013888889 0.6760124609375 0.4463667819444444 0.68068535859375 0.4498269902777778 0.68068535859375 0.4619377166666666 0.68535825546875 0.4636678194444444
1 0.72118380078125 0.46020761250000003 0.72118380078125 0.4515570930555555 0.7227414328124999 0.4498269902777778 0.7289719625 0.4256055361111111 0.7274143304687499 0.4221453291666667 0.7227414328124999 0.4221453291666667 0.72118380078125 0.42387543194444444 0.716510903125 0.4342560555555555 0.71495327109375 0.4446366777777778 0.7133956382812501 0.4463667819444444 0.7056074765625 0.48615916944444443 0.7133956382812501 0.48615916944444443 0.716510903125 0.4705882347222222 0.72118380078125 0.46020761250000003
1 0.71962616796875 0.4809688583333333 0.71962616796875 0.5017301041666666 0.72585669765625 0.5051903111111111 0.7274143304687499 0.5034602069444445 0.72585669765625 0.4948096888888889 0.73208722734375 0.4792387541666666 0.7352024921875 0.4688581319444444 0.7352024921875 0.4619377166666666 0.73831775703125 0.4550173013888889 0.73831775703125 0.4463667819444444 0.7398753890624999 0.4446366777777778 0.73831775703125 0.44117647083333333 0.73831775703125 0.4342560555555555 0.741433021875 0.42906574444444445 0.7398753890624999 0.4221453291666667 0.7352024921875 0.4221453291666667 0.7305295953125001 0.4307958472222222 0.72585669765625 0.4342560555555555 0.724299065625 0.4394463666666667 0.724299065625 0.4515570930555555 0.7227414328124999 0.4532871972222222 0.72118380078125 0.4792387541666666 0.71962616796875 0.4809688583333333
1 0.741433021875 0.4930795847222222 0.74454828671875 0.4844290652777778 0.74454828671875 0.4792387541666666 0.7476635515625001 0.4740484430555556 0.7523364484374999 0.4480968861111111 0.7523364484374999 0.44117647083333333 0.75077881640625 0.4377162625 0.7476635515625001 0.4377162625 0.74454828671875 0.44117647083333333 0.7398753890624999 0.4515570930555555 0.736760125 0.4636678194444444 0.736760125 0.4723183388888889 0.7352024921875 0.4740484430555556 0.7352024921875 0.4913494805555556 0.73364486015625 0.4948096888888889 0.736760125 0.4982698958333333 0.741433021875 0.4930795847222222
1 0.74922118359375 0.5103806222222222 0.7647975078125 0.4671280277777778 0.7647975078125 0.4636678194444444 0.763239875 0.4619377166666666 0.763239875 0.4498269902777778 0.7601246109375001 0.4446366777777778 0.7570093460937499 0.4463667819444444 0.7570093460937499 0.4480968861111111 0.7523364484374999 0.4532871972222222 0.74922118359375 0.4619377166666666 0.74922118359375 0.47750865 0.7476635515625001 0.4792387541666666 0.7476635515625001 0.4878892736111111 0.74610591875 0.4896193777777778 0.74610591875 0.5034602069444445 0.74454828671875 0.5051903111111111 0.74454828671875 0.5103806222222222 0.74922118359375 0.5103806222222222
1 0.6588785046875001 0.3529411763888889 0.66666666640625 0.31487889305555555 0.66666666640625 0.29930795833333335 0.67445482890625 0.2889273361111111 0.67912772578125 0.26643598611111113 0.67912772578125 0.2491349486111111 0.67445482890625 0.238754325 0.6713395640625001 0.21626297638888886 0.6682242992187499 0.21280276805555556 0.66199376953125 0.21626297638888886 0.66199376953125 0.2318339097222222 0.652647975 0.238754325 0.6464174453125 0.2595155708333333 0.64485981328125 0.28373702361111114 0.64953271015625 0.3010380625 0.6464174453125 0.3512110722222222 0.6588785046875001 0.3529411763888889