1 0.758566978125 0.40657439444444443 0.775700934375 0.37197231805555553 0.7694704046874999 0.3356401388888889 0.74610591875 0.3512110722222222 0.741433021875 0.37197231805555553 0.74454828671875 0.39446366805555555 0.736760125 0.4325259513888889 0.7523364484374999 0.4394463666666667 0.758566978125 0.40657439444444443
1 0.6183800625 0.3892733569444444 0.630841121875 0.32698961944444443 0.62149532734375 0.34256055416666664 0.6183800625 0.3892733569444444
1 0.5950155765625 0.3373702416666667 0.59345794375 0.37716262916666665 0.5981308414062501 0.37889273333333334 0.60747663515625 0.31660899722222224 0.5950155765625 0.3373702416666667
1 0.5763239875 0.3737024222222222 0.5872274140625 0.3131487888888889 0.5778816203125 0.32179930833333337 0.5763239875 0.3737024222222222
1 0.55451713359375 0.3650519027777778 0.563862928125 0.30276816666666667 0.55140186953125 0.3131487888888889 0.55451713359375 0.3650519027777778
2 0.7647975078125 0.6089965402777777 0.78037383203125 0.6159169555555556 0.792834890625 0.6124567472222222 0.792834890625 0.5882352944444444 0.7710280375 0.5761245680555556 0.75545171328125 0.5519031138888889 0.7009345796875001 0.5121107263888889 0.6682242992187499 0.5069204152777778 0.62149532734375 0.4636678194444444 0.588785046875 0.4896193777777778 0.588785046875 0.4982698958333333 0.72585669765625 0.6089965402777777 0.7647975078125 0.6297577861111111 0.7647975078125 0.6089965402777777
1 0.12149532734374999 0.7802768166666667 0.12772585703125 0.8079584777777777 0.15420560781249998 0.8096885819444444 0.14485981328125 0.7249134944444445 0.12149532734374999 0.7006920416666667 0.1121495328125 0.6989619375 0.09813084140625 0.7197231833333333 0.09657320859375 0.7404844291666666 0.105919003125 0.7456747402777778 0.10747663515625001 0.7716262972222222 0.12149532734374999 0.7802768166666667
1 0.94392523359375 0.6574394458333334 0.9517133953125001 0.6626297583333334 0.95482866015625 0.6539792388888889 0.9704049843749999 0.6522491347222222 0.9797507789062501 0.6107266430555556 0.9937694703125001 0.5916955013888889 0.99065420546875 0.5536332180555555 0.9813084109375 0.5519031138888889 0.9657320875 0.5640138402777778 0.9485981304687501 0.5916955013888889 0.95015576328125 0.6089965402777777 0.9361370718750001 0.6332179930555555 0.94548286640625 0.6487889277777777 0.94392523359375 0.6574394458333334
1 0.42523364453125 0.4792387541666666 0.42056074765625 0.4792387541666666 0.4221183796875 0.5155709347222223 0.43302180703125004 0.5570934249999999 0.42523364453125 0.4792387541666666
1 0.41433021796874997 0.4844290652777778 0.41744548281249994 0.5380622833333334 0.42523364453125 0.5553633222222222 0.42056074765625 0.4948096888888889 0.41433021796874997 0.4844290652777778
1 0.40498442343749996 0.4878892736111111 0.40342679140625004 0.5259515569444444 0.41433021796874997 0.5761245680555556 0.41588785078125 0.5242214527777778 0.40498442343749996 0.4878892736111111
1 0.39719626171875 0.5363321805555555 0.40809968828125004 0.5899653986111111 0.4003115265625 0.5051903111111111 0.39719626171875 0.5363321805555555
1 0.504672896875 0.4100346013888889 0.50778816171875 0.3477508652777778 0.50311526484375 0.3564013847222222 0.504672896875 0.4100346013888889
1 0.495327103125 0.4083044986111111 0.49844236796874997 0.36678200694444446 0.49376947031249996 0.36332180000000003 0.495327103125 0.4083044986111111
1 0.48286604375 0.3910034597222222 0.47975077890625 0.42906574444444445 0.48753894062500003 0.4169550166666666 0.48753894062500003 0.37716262916666665 0.48286604375 0.3910034597222222
1 0.47352024921874997 0.442906575 0.47975077890625 0.37889273333333334 0.47196261718750004 0.3927335638888889 0.47352024921874997 0.442906575
1 0.4657320875 0.4498269902777778 0.46728971953125004 0.3910034597222222 0.46261682265625004 0.4013840833333333 0.4657320875 0.4498269902777778
1 0.35046728984375003 0.3529411763888889 0.34423676015625004 0.3546712805555556 0.34423676015625004 0.36678200694444446 0.33800623046875 0.37197231805555553 0.347352025 0.4377162625 0.36137071640624996 0.4307958472222222 0.359813084375 0.37197231805555553 0.35046728984375003 0.3529411763888889
1 0.22897196250000001 0.39792387500000004 0.22897196250000001 0.420415225 0.24454828671875 0.4723183388888889 0.24299065390625 0.4342560555555555 0.22897196250000001 0.39792387500000004
1 0.21962616796874998 0.4031141875 0.22118380078125002 0.4498269902777778 0.23364486015625002 0.4844290652777778 0.23208722734374998 0.4515570930555555 0.21962616796874998 0.4031141875
1 0.20872274140624997 0.4169550166666666 0.20872274140624997 0.4377162625 0.224299065625 0.4878892736111111 0.2227414328125 0.4480968861111111 0.20872274140624997 0.4169550166666666
1 0.21339563828125 0.5034602069444445 0.20872274140624997 0.4688581319444444 0.1931464171875 0.4273356402777778 0.19158878515625 0.4515570930555555 0.2056074765625 0.4809688583333333 0.20872274140624997 0.5086505194444444 0.21339563828125 0.5034602069444445
3 0.080996884375 0.5761245680555556 0.10124610625 0.5709342555555555 0.09813084140625 0.5363321805555555 0.07943925234375 0.4896193777777778 0.09190031171875 0.4705882347222222 0.088785046875 0.4515570930555555 0.048144860156250004 0.3538840833333333 0.026196261718750002 0.3554584777777778 0.023364485937500002 0.4048442902777778 0.02492211875 0.4515570930555555 0.0342679125 0.47750865 0.0482866046875 0.4878892736111111 0.080996884375 0.5761245680555556